QS,MS
1581,1091
1749,1079
1596,1072
1584,1076
1587,1068
1584,1082
1588,1081
1581,1074
1582,1066
1582,1092
1582,1066
1580,1067
1592,1071
1584,1067
1582,1064
1582,1072
1586,1069
1582,1065
1579,1080
1581,1065
1584,1067
1587,1098
1582,1068
1584,1068
1582,1083
1580,1071
1581,1065
1580,1082
1587,1067
1582,1065
1583,1085
1582,1068
1587,1067
1582,1085
1579,1069
1581,1065
1591,1077
1584,1065
1579,1072
1586,1080
1580,1064
1583,1069
1580,1081
1580,1089
1580,1068
1589,1076
1584,1069
1590,1065
1583,1194
1653,1184
1640,1142
1633,1122
1624,1073
1585,1096
1599,1092
1581,1065
1593,1103
1638,1155
1660,1156
1643,1179
1593,1075
1587,1069
1582,1069
1586,1076
1582,1068
1583,1076
1793,1281
1594,1092
1591,1079
1605,1069
1584,1090
1582,1068
1589,1089
1592,1068
1582,1067
1597,1069
1582,1071
1593,1065
1586,1066
1584,1089
1581,1085
1592,1077
1580,1065
1585,1065
1591,1069
1582,1073
1592,1068
1586,1074
1583,1075
1581,1064
1586,1088
1583,1084
1582,1068
1595,1067
1586,1068
1589,1074
1588,1070
1582,1089
1581,1066
1594,1075
1581,1069
1581,1068
1600,1066
1582,1065
1584,1066
1584,1070
1582,1079
1580,1067
1582,1066
1584,1071
1584,1071
1590,1067
1581,1065
1586,1067
1588,1070
1583,1089
1581,1068
1587,1071
1603,1065
1580,1068
1597,1070
1583,1070
1583,1071
1587,1071
1579,1091
1581,1083
1592,1069
1587,1066
1591,1068
1597,1073
1581,1067
1590,1070
1586,1074
1584,1087
1586,1065
1584,1071
1583,1069
1581,1068
1588,1072
1582,1067
1582,1096
1584,1077
1581,1078
1586,1066
1595,1072
1588,1066
1580,1068
1595,1072
1582,1066
1580,1077
1585,1089
1585,1075
1587,1065
1582,1072
1587,1068
1581,1070
1587,1075
1582,1066
1580,1078
1590,1080
1580,1076
1581,1068
1586,1074
1591,1068
1582,1068
1594,1079
1585,1068
1588,1077
1589,1072
1582,1075
1580,1077
1588,1075
1593,1074
1582,1067
1592,1076
1588,1067
1581,1087
1585,1073
1587,1089
1584,1069
1583,1080
1590,1069
1587,1068
1594,1078
1583,1074
1582,1104
1584,1075
1583,1086
1582,1074
1583,1074
1586,1065
1579,1071
1584,1101
1588,1069
1582,1088
1582,1088
1582,1085
1585,1074
1582,1080
1589,1069
1588,1072
1592,1085
1582,1069
1584,1087
1582,1082
1582,1070
1583,1065
1581,1077
1593,1066
1583,1065
1585,1082
1583,1068
1582,1088
1582,1096
1582,1069
1588,1076
1587,1075
1586,1066
1586,1066
1583,1089
1580,1065
1580,1074
1582,1077
1583,1074
1594,1067
1582,1077
1589,1068
1584,1068
1588,1078
1582,1066
1580,1076
1582,1074
1587,1068
1590,1069
1581,1076
1584,1066
1579,1067
1582,1094
1583,1068
1582,1087
1586,1078
1587,1069
1589,1068
1581,1093
1590,1067
1582,1073
1582,1095
1582,1069
1582,1087
1587,1085
1582,1065
1583,1065
1581,1080
1589,1069
1582,1074
1582,1091
1581,1065
1585,1075
1581,1075
1583,1068
1585,1080
1582,1106
1592,1068
1582,1068
1582,1117
1587,1065
1581,1074
1582,1075
1581,1066
1586,1065
1581,1076
1584,1066
1587,1066
1584,1086
1585,1067
1581,1102
1583,1075
1582,1065
1586,1065
1581,1089
1586,1066
1584,1065
1579,1086
1587,1066
1580,1084
1583,1076
1582,1068
1592,1067
1581,1089
1589,1068
1581,1065
1583,1081
1582,1066
1581,1068
1589,1084
1584,1066
1584,1065
1579,1080
1593,1071
1580,1066
1583,1095
1582,1065
1580,1066
1588,1074
1584,1066
1584,1066
1591,1090
1584,1074
1580,1074
1579,1106
1581,1065
1581,1067
1589,1069
1588,1071
1595,1069
1583,1068
1586,1088
1587,1067
1580,1077
1587,1156
1634,1197
1664,1250
1666,1221
1631,1070
1622,1740
1829,1145
1649,1500
1685,1158
1640,1209
1648,1130
1651,1121
1731,1578
1704,1129
1581,1094
1585,1083
1584,1077
1583,1068
1593,1158
1626,1118
1617,1117
1637,1130
1599,1074
1586,1065
1580,1065
1583,1072
1581,1070
1585,1065
1583,1093
1580,1065
1579,1080
1580,1079
1579,1065
1581,1064
1581,1073
1580,1070
1582,1065
1579,1098
1584,1066
1581,1071
1579,1085
1580,1072
1580,1065
1580,1076
1586,1066
1580,1073
1582,1083
1584,1065
1581,1065
1585,1085
1582,1068
1583,1067
1590,1082
1584,1066
1584,1067
1582,1091
1581,1070
1581,1065
1579,1078
1584,1068
1585,1075
1583,1088
1581,1065
1582,1068
1586,1096
1580,1066
1582,1074
1582,1077
1590,1068
1580,1067
1580,1097
1581,1071
1583,1067
1583,1097
1580,1066
1581,1071
1586,1093
1582,1065
1584,1065
1582,1091
1582,1066
1581,1065
1582,1084
1585,1074
1593,1074
1583,1075
1582,1069
1597,1065
1581,1084
1585,1068
1580,1080
1579,1088
1585,1067
1586,1068
1586,1076
1583,1069
1580,1069
1582,1076
1585,1070
1583,1068
1581,1078
1589,1071
1585,1070
1584,1081
1583,1068
1581,1080
1583,1087
1625,1070
1580,1065
1594,1076
1583,1065
1583,1065
1580,1072
1590,1068
1582,1074
1582,1090
1583,1071
1587,1065
1580,1069
1585,1067
1582,1073
1581,1069
1586,1069
1586,1071
1583,1082
1591,1068
1582,1066
1582,1067
1592,1067
1583,1067
1581,1065
1590,1069
1585,1069
1587,1067
1586,1065
1579,1079
1582,1065
1585,1066
1580,1065
1579,1073
1595,1069
1582,1072
1580,1065
1596,1066
1580,1066
1582,1067
1592,1065
1583,1065
1581,1072
1587,1069
1586,1067
1588,1067
1587,1069
1581,1068
1583,1085
1586,1068
1582,1068
1581,1067
1600,1067
1581,1917
1920,1363
1580,1080
1581,1065
1579,1078
1580,1065
1584,1066
1585,1079
1580,1065
1581,1065
1581,1079
1581,1065
1578,1065
1581,1081
1582,1067
1586,1066
1578,1084
1579,1085
1585,1068
1582,1082
1583,1068
